$ 1 0.000005 0.2954511527092107 46 5 50 5e-11
g 176 432 176 448 0 0
r 176 352 176 416 0 10000
r 240 336 304 336 0 10000
a 192 256 320 256 9 9 -9 1000000 0.8606736165282677 2.841510478503566 0.869
w 192 96 192 240 0
w 32 240 192 240 0
w 64 192 -48 192 0
w -48 96 -32 96 0
w -48 112 -48 96 0
w -96 240 -48 240 0
r -48 240 32 240 0 10000
R -96 240 -96 272 0 1 10000 0.5 0 0 0.5
w -80 192 -48 192 0
g -80 192 -80 208 0 0
w -48 192 -48 160 0
w 64 96 64 192 0
v -48 160 -48 112 0 0 40 9 0 0 0.5
w 96 48 96 96 0
w 16 48 96 48 0
w 16 80 16 48 0
174 -32 96 48 96 1 10000 0.30200000000000005 Resistance
r 96 96 192 96 0 10000
w 176 272 192 272 0
w 176 352 176 336 0
w 176 432 176 416 0
w 176 336 240 336 0
w 176 272 176 336 0
w 320 256 400 256 0
w 400 272 400 256 0
g 400 352 400 368 0 0
w 320 256 320 336 0
w 304 336 320 336 0
162 400 272 400 320 2 default-led 1 0 0 0.01
w 400 320 400 352 0
o 32 1 0 12290 1.8872339208170688 0.0001 0 2 32 3
